148947
148948
148949
146421
148953
149280
149149
148899
148899
149118
447730
149655
591192
149137
Bubbles
148899
109506
148985
149241
148985
149120
149123
11
1080
148992
149271
1066
1066
Detritus
146203
146203
149018
149023
Egg/Cyst
149130
Faecal pellet
172431
Fibers
149112
149132
149068
157440
1322468
148971
149037
149322
148899
149145
51
1066
345491
109921
109393
149049
149054
148899
163067
Phytoplankton Colony
163322
Pollen
883
558
149168
345513
149151
149069
149069
14260
149073
591190
149630
162681
591199
148904
149170
836581
148969
840626
494057
Unknown_3
51
Zooplankton
732976
148971
162969
109553
494057
